0
0
0
0
0
0
0
0
352.1310316369664
352.1310316369664
352.1310316369664
352.1310316369664
352.1310316369664
352.1310316369664
352.1310316369664
352.1310316369664
677.340290748608
677.340290748608
677.340290748608
677.340290748608
677.340290748608
677.340290748608
677.340290748608
677.340290748608
1013.4332815888304
1013.4332815888304
1013.4332815888304
1013.4332815888304
1013.4332815888304
1013.4332815888304
1013.4332815888304
1013.4332815888304
1382.5244643573849
1382.5244643573849
1382.5244643573849
1382.5244643573849
1382.5244643573849
1382.5244643573849
1382.5244643573849
1382.5244643573849
1723.763287450846
1723.763287450846
1723.763287450846
1723.763287450846
1723.763287450846
1723.763287450846
1723.763287450846
1723.763287450846
2065.4570208749315
2065.4570208749315
2065.4570208749315
2065.4570208749315
2065.4570208749315
2065.4570208749315
2065.4570208749315
2065.4570208749315
2396.1745780102133
2396.1745780102133
2396.1745780102133
2396.1745780102133
2396.1745780102133
2396.1745780102133
2396.1745780102133
2396.1745780102133
2733.6526480380103
2733.6526480380103
2733.6526480380103
2733.6526480380103
2733.6526480380103
2733.6526480380103
2733.6526480380103
2733.6526480380103
3047.41273988003
3047.41273988003
3047.41273988003
3047.41273988003
3047.41273988003
3047.41273988003
3047.41273988003
3047.41273988003
3422.2762360638108
3422.2762360638108
3422.2762360638108
3422.2762360638108
3422.2762360638108
3422.2762360638108
3422.2762360638108
3422.2762360638108
3764.3245878493963
3764.3245878493963
3764.3245878493963
3764.3245878493963
3764.3245878493963
3764.3245878493963
3764.3245878493963
3764.3245878493963
4067.754319867873
4067.754319867873
4067.754319867873
4067.754319867873
4067.754319867873
4067.754319867873
4067.754319867873
4067.754319867873
4387.540799079577
4387.540799079577
4387.540799079577
4387.540799079577
0
0
0
0
0
0
0
0
0
0
0
0
0
0
0
0
0
0
0
0
0
0
0
0
0
0
0
0
0
0
0
0
0
0
0
0
0
0
0
0
0
0
0
0
0
0
0
0
0
0
0
0
0
0
0
0
0
0
0
0
0
0
0
0
0
0
0
0
0
0
0
0
0
0
0
0
0
0
0
0
0
0
0
0
0
0
0
0
0
0
0
0
0
0
0
0
0
0
0
0
0
0
0
0
363.1041700777028
363.1041700777028
363.1041700777028
363.1041700777028
0
0
0
0
0
0
0
0
377.44327821030436
377.44327821030436
377.44327821030436
377.44327821030436
377.44327821030436
377.44327821030436
377.44327821030436
377.44327821030436
704.9495859540791
704.9495859540791
704.9495859540791
704.9495859540791
704.9495859540791
704.9495859540791
704.9495859540791
704.9495859540791
1027.743533752287
1027.743533752287
1027.743533752287
1027.743533752287
1027.743533752287
1027.743533752287
1027.743533752287
1027.743533752287
1369.9516102835096
1369.9516102835096
1369.9516102835096
1369.9516102835096
1369.9516102835096
1369.9516102835096
1369.9516102835096
1369.9516102835096
1687.6021309805924
1687.6021309805924
1687.6021309805924
1687.6021309805924
1687.6021309805924
1687.6021309805924
1687.6021309805924
1687.6021309805924
2028.6135178682139
2028.6135178682139
2028.6135178682139
2028.6135178682139
2028.6135178682139
2028.6135178682139
2028.6135178682139
2028.6135178682139
2330.6636654754143
2330.6636654754143
2330.6636654754143
2330.6636654754143
2330.6636654754143
2330.6636654754143
2330.6636654754143
2330.6636654754143
2647.5321607890214
2647.5321607890214
2647.5321607890214
2647.5321607890214
2647.5321607890214
2647.5321607890214
2647.5321607890214
2647.5321607890214
2974.760051504177
2974.760051504177
2974.760051504177
2974.760051504177
2974.760051504177
2974.760051504177
2974.760051504177
2974.760051504177
3253.7946728461925
3253.7946728461925
3253.7946728461925
3253.7946728461925
3253.7946728461925
3253.7946728461925
3253.7946728461925
3253.7946728461925
3547.873150213963
3547.873150213963
3547.873150213963
3547.873150213963
3547.873150213963
3547.873150213963
3547.873150213963
3547.873150213963
3853.845304803985
3853.845304803985
3853.845304803985
3853.845304803985
3853.845304803985
3853.845304803985
3853.845304803985
3853.845304803985
4195.086042082689
4195.086042082689
0
0
0
0
0
0
0
0
288.39849638042796
288.39849638042796
288.39849638042796
288.39849638042796
288.39849638042796
288.39849638042796
288.39849638042796
288.39849638042796
712.9605092899055
712.9605092899055
712.9605092899055
712.9605092899055
712.9605092899055
712.9605092899055
712.9605092899055
712.9605092899055
1062.0879386693223
1062.0879386693223
1062.0879386693223
1062.0879386693223
1062.0879386693223
1062.0879386693223
1062.0879386693223
1062.0879386693223
1512.800606873796
1512.800606873796
1512.800606873796
1512.800606873796
0
0
0
0
0
0
0
0
378.3577034894719
378.3577034894719
378.3577034894719
378.3577034894719
378.3577034894719
378.3577034894719
378.3577034894719
378.3577034894719
743.5483650474907
743.5483650474907
743.5483650474907
743.5483650474907
743.5483650474907
743.5483650474907
743.5483650474907
743.5483650474907
1143.4218074565983
1143.4218074565983
1143.4218074565983
1143.4218074565983
1143.4218074565983
1143.4218074565983
1143.4218074565983
1143.4218074565983
1504.0871870909104
1504.0871870909104
1504.0871870909104
1504.0871870909104
1504.0871870909104
1504.0871870909104
1504.0871870909104
1504.0871870909104
1841.7884272370293
1841.7884272370293
1841.7884272370293
1841.7884272370293
1841.7884272370293
1841.7884272370293
1841.7884272370293
1841.7884272370293
2208.731062387757
2208.731062387757
2208.731062387757
2208.731062387757
2208.731062387757
2208.731062387757
2208.731062387757
2208.731062387757
2529.141364063374
2529.141364063374
2529.141364063374
2529.141364063374
2529.141364063374
2529.141364063374
2529.141364063374
2529.141364063374
2858.556426208607
2858.556426208607
2858.556426208607
2858.556426208607
2858.556426208607
2858.556426208607
2858.556426208607
2858.556426208607
3215.1014684727975
3215.1014684727975
3215.1014684727975
3215.1014684727975
3215.1014684727975
3215.1014684727975
3215.1014684727975
3215.1014684727975
3558.644082291081
3558.644082291081
3558.644082291081
3558.644082291081
3558.644082291081
3558.644082291081
3558.644082291081
3558.644082291081
3917.103506280896
3917.103506280896
3917.103506280896
3917.103506280896
3917.103506280896
3917.103506280896
3917.103506280896
3917.103506280896
4259.438447611872
4259.438447611872
4259.438447611872
4259.438447611872
4259.438447611872
4259.438447611872
4259.438447611872
4259.438447611872
4588.962215918566
4588.962215918566
4588.962215918566
4588.962215918566
4588.962215918566
4588.962215918566
4588.962215918566
4588.962215918566
4936.922824363621
4936.922824363621
4936.922824363621
4936.922824363621
4936.922824363621
4936.922824363621
4936.922824363621
4936.922824363621
5346.739130433514
5346.739130433514
5346.739130433514
5346.739130433514
5346.739130433514
5346.739130433514
5346.739130433514
5346.739130433514
5702.512891331495
5702.512891331495
5702.512891331495
5702.512891331495
5702.512891331495
5702.512891331495
5702.512891331495
5702.512891331495
6091.7367395703295
6091.7367395703295
0
0
0
0
0
0
0
0
328.0211171931394
328.0211171931394
328.0211171931394
328.0211171931394
328.0211171931394
328.0211171931394
328.0211171931394
328.0211171931394
675.5518689350286
675.5518689350286
675.5518689350286
675.5518689350286
675.5518689350286
675.5518689350286
675.5518689350286
675.5518689350286
1065.1928597759506
1065.1928597759506
1065.1928597759506
1065.1928597759506
1065.1928597759506
1065.1928597759506
1065.1928597759506
1065.1928597759506
1421.2201185716826
1421.2201185716826
1421.2201185716826
1421.2201185716826
1421.2201185716826
1421.2201185716826
1421.2201185716826
1421.2201185716826
1786.385582715323
1786.385582715323
1786.385582715323
1786.385582715323
1786.385582715323
1786.385582715323
1786.385582715323
1786.385582715323
2168.743567823932
2168.743567823932
2168.743567823932
2168.743567823932
2168.743567823932
2168.743567823932
2168.743567823932
2168.743567823932
2567.9031759713575
2567.9031759713575
2567.9031759713575
2567.9031759713575
2567.9031759713575
2567.9031759713575
2567.9031759713575
2567.9031759713575
2922.9842804993964
2922.9842804993964
2922.9842804993964
2922.9842804993964
2922.9842804993964
2922.9842804993964
2922.9842804993964
2922.9842804993964
3285.0999221696206
3285.0999221696206
3285.0999221696206
3285.0999221696206
3285.0999221696206
3285.0999221696206
3285.0999221696206
3285.0999221696206
3676.3096934320474
3676.3096934320474
3676.3096934320474
3676.3096934320474
3676.3096934320474
3676.3096934320474
3676.3096934320474
3676.3096934320474
4002.9046990741836
4002.9046990741836
4002.9046990741836
4002.9046990741836
4002.9046990741836
4002.9046990741836
4002.9046990741836
4002.9046990741836
4392.451976896325
4392.451976896325
4392.451976896325
4392.451976896325
4392.451976896325
4392.451976896325
4392.451976896325
4392.451976896325
0
0
0
0
0
0
0
0
281.0401872525314
281.0401872525314
281.0401872525314
281.0401872525314
281.0401872525314
281.0401872525314
281.0401872525314
281.0401872525314
598.6812034020384
598.6812034020384
598.6812034020384
598.6812034020384
598.6812034020384
598.6812034020384
598.6812034020384
598.6812034020384
897.2966331361447
897.2966331361447
897.2966331361447
897.2966331361447
897.2966331361447
897.2966331361447
897.2966331361447
897.2966331361447
1203.4388483051816
1203.4388483051816
1203.4388483051816
1203.4388483051816
1203.4388483051816
1203.4388483051816
1203.4388483051816
1203.4388483051816
1535.012237270092
1535.012237270092
1535.012237270092
1535.012237270092
1535.012237270092
1535.012237270092
1535.012237270092
1535.012237270092
1832.8080087609092
1832.8080087609092
1832.8080087609092
1832.8080087609092
1832.8080087609092
1832.8080087609092
1832.8080087609092
1832.8080087609092
2147.7154606402373
2147.7154606402373
2147.7154606402373
2147.7154606402373
2147.7154606402373
2147.7154606402373
2147.7154606402373
2147.7154606402373
2474.4955855519875
2474.4955855519875
2474.4955855519875
2474.4955855519875
2474.4955855519875
2474.4955855519875
2474.4955855519875
2474.4955855519875
2783.389240539721
2783.389240539721
2783.389240539721
2783.389240539721
2783.389240539721
2783.389240539721
2783.389240539721
2783.389240539721
3142.7438001452165
3142.7438001452165
3142.7438001452165
3142.7438001452165
3142.7438001452165
3142.7438001452165
3142.7438001452165
3142.7438001452165
3443.3922438172785
3443.3922438172785
3443.3922438172785
3443.3922438172785
3443.3922438172785
3443.3922438172785
3443.3922438172785
3443.3922438172785
3757.7600714235423
3757.7600714235423
3757.7600714235423
3757.7600714235423
3757.7600714235423
3757.7600714235423
3757.7600714235423
3757.7600714235423
0
0
0
0
0
0
0
0
248.23292072758878
248.23292072758878
248.23292072758878
248.23292072758878
248.23292072758878
248.23292072758878
248.23292072758878
248.23292072758878
579.6364276967925
579.6364276967925
579.6364276967925
579.6364276967925
579.6364276967925
579.6364276967925
579.6364276967925
579.6364276967925
885.8721230624135
885.8721230624135
885.8721230624135
885.8721230624135
885.8721230624135
885.8721230624135
885.8721230624135
885.8721230624135
1219.2630452994633
1219.2630452994633
1219.2630452994633
1219.2630452994633
1219.2630452994633
1219.2630452994633
1219.2630452994633
1219.2630452994633
1573.8588115932578
1573.8588115932578
1573.8588115932578
1573.8588115932578
1573.8588115932578
1573.8588115932578
1573.8588115932578
1573.8588115932578
1870.2252969970943
1870.2252969970943
1870.2252969970943
1870.2252969970943
1870.2252969970943
1870.2252969970943
1870.2252969970943
1870.2252969970943
2213.991441503629
2213.991441503629
2213.991441503629
2213.991441503629
2213.991441503629
2213.991441503629
2213.991441503629
2213.991441503629
2525.963189763579
2525.963189763579
2525.963189763579
2525.963189763579
2525.963189763579
2525.963189763579
2525.963189763579
2525.963189763579
2825.2089968103282
2825.2089968103282
2825.2089968103282
2825.2089968103282
2825.2089968103282
2825.2089968103282
2825.2089968103282
2825.2089968103282
3080.5067440451103
3080.5067440451103
3080.5067440451103
3080.5067440451103
3080.5067440451103
3080.5067440451103
3080.5067440451103
3080.5067440451103
3331.1720818252998
3331.1720818252998
3331.1720818252998
3331.1720818252998
3331.1720818252998
3331.1720818252998
3331.1720818252998
3331.1720818252998
3691.3500150990094
3691.3500150990094
3691.3500150990094
3691.3500150990094
3691.3500150990094
3691.3500150990094
3691.3500150990094
3691.3500150990094
0
0
0
0
0
0
0
0
363.54958877492487
363.54958877492487
363.54958877492487
363.54958877492487
363.54958877492487
363.54958877492487
363.54958877492487
363.54958877492487
691.8475784696411
691.8475784696411
691.8475784696411
691.8475784696411
691.8475784696411
691.8475784696411
691.8475784696411
691.8475784696411
1035.4161208011983
1035.4161208011983
1035.4161208011983
1035.4161208011983
1035.4161208011983
1035.4161208011983
1035.4161208011983
1035.4161208011983
1418.6303790953575
1418.6303790953575
1418.6303790953575
1418.6303790953575
1418.6303790953575
1418.6303790953575
1418.6303790953575
1418.6303790953575
1720.7675727159462
1720.7675727159462
1720.7675727159462
1720.7675727159462
1720.7675727159462
1720.7675727159462
1720.7675727159462
1720.7675727159462
2034.080816125269
2034.080816125269
2034.080816125269
2034.080816125269
2034.080816125269
2034.080816125269
2034.080816125269
2034.080816125269
2386.2657096826506
2386.2657096826506
2386.2657096826506
2386.2657096826506
2386.2657096826506
2386.2657096826506
2386.2657096826506
2386.2657096826506
2740.1097269988704
2740.1097269988704
2740.1097269988704
2740.1097269988704
2740.1097269988704
2740.1097269988704
2740.1097269988704
2740.1097269988704
3126.6859907899197
3126.6859907899197
3126.6859907899197
3126.6859907899197
3126.6859907899197
3126.6859907899197
3126.6859907899197
3126.6859907899197
3501.842404121937
3501.842404121937
3501.842404121937
3501.842404121937
3501.842404121937
3501.842404121937
3501.842404121937
3501.842404121937
3838.5204217777973
3838.5204217777973
3838.5204217777973
3838.5204217777973
3838.5204217777973
3838.5204217777973
3838.5204217777973
3838.5204217777973
4185.324417543425
4185.324417543425
4185.324417543425
4185.324417543425
4185.324417543425
4185.324417543425
4185.324417543425
4185.324417543425
0
0
0
0
0
0
0
0
381.6347782450283
381.6347782450283
381.6347782450283
381.6347782450283
381.6347782450283
381.6347782450283
381.6347782450283
381.6347782450283
666.4802676492828
666.4802676492828
666.4802676492828
666.4802676492828
666.4802676492828
666.4802676492828
666.4802676492828
666.4802676492828
1017.6967928443288
1017.6967928443288
1017.6967928443288
1017.6967928443288
1017.6967928443288
1017.6967928443288
1017.6967928443288
1017.6967928443288
1339.5477706696247
1339.5477706696247
1339.5477706696247
1339.5477706696247
1339.5477706696247
1339.5477706696247
1339.5477706696247
1339.5477706696247
1705.2290599626613
1705.2290599626613
1705.2290599626613
1705.2290599626613
1705.2290599626613
1705.2290599626613
1705.2290599626613
1705.2290599626613
2026.608444186459
2026.608444186459
2026.608444186459
2026.608444186459
2026.608444186459
2026.608444186459
2026.608444186459
2026.608444186459
2364.5939541414077
2364.5939541414077
2364.5939541414077
2364.5939541414077
2364.5939541414077
2364.5939541414077
2364.5939541414077
2364.5939541414077
2658.274059175062
2658.274059175062
2658.274059175062
2658.274059175062
2658.274059175062
2658.274059175062
2658.274059175062
2658.274059175062
2968.213526300881
2968.213526300881
2968.213526300881
2968.213526300881
2968.213526300881
2968.213526300881
2968.213526300881
2968.213526300881
3281.8059348425595
3281.8059348425595
3281.8059348425595
3281.8059348425595
3281.8059348425595
3281.8059348425595
3281.8059348425595
3281.8059348425595
3619.675154985808
3619.675154985808
3619.675154985808
3619.675154985808
3619.675154985808
3619.675154985808
3619.675154985808
3619.675154985808
3994.937315256716
3994.937315256716
3994.937315256716
3994.937315256716
3994.937315256716
3994.937315256716
3994.937315256716
3994.937315256716
0
0
0
0
0
0
0
0
380.1580303481294
380.1580303481294
380.1580303481294
380.1580303481294
380.1580303481294
380.1580303481294
380.1580303481294
380.1580303481294
758.7901105141977
758.7901105141977
758.7901105141977
758.7901105141977
758.7901105141977
758.7901105141977
758.7901105141977
758.7901105141977
1136.6888933680775
1136.6888933680775
1136.6888933680775
1136.6888933680775
1136.6888933680775
1136.6888933680775
1136.6888933680775
1136.6888933680775
1460.41700505885
1460.417005050
0
0
0
0
0
0
0
372.1971047112597
372.1971047112597
372.1971047112597
372.1971047112597
372.1971047112597
372.1971047112597
372.1971047112597
372.1971047112597
780.6413418733209
780.6413418733209
780.6413418733209
780.6413418733209
780.6413418733209
780.6413418733209
780.6413418733209
780.6413418733209
1132.9064482676386
1132.9064482676386
1132.9064482676386
1132.9064482676386
1132.9064482676386
1132.9064482676386
1132.9064482676386
1132.9064482676386
1430.6970806892737
1430.6970806892737
1430.6970806892737
1430.6970806892737
1430.6970806892737
1430.6970806892737
1430.6970806892737
1430.6970806892737
1790.4163492474167
1790.4163492474167
1790.4163492474167
1790.4163492474167
1790.4163492474167
1790.4163492474167
1790.4163492474167
1790.4163492474167
2124.97884788635
2124.97884788635
2124.97884788635
2124.97884788635
2124.97884788635
2124.97884788635
2124.97884788635
2124.97884788635
2510.698883794381
2510.698883794381
2510.698883794381
2510.698883794381
2510.698883794381
2510.698883794381
2510.698883794381
2510.698883794381
2895.9219913733978
2895.9219913733978
2895.9219913733978
2895.9219913733978
2895.9219913733978
2895.9219913733978
2895.9219913733978
2895.9219913733978
3300.2338796566855
3300.2338796566855
3300.2338796566855
3300.2338796566855
3300.2338796566855
3300.2338796566855
3300.2338796566855
3300.2338796566855
3699.423081910514
3699.423081910514
3699.423081910514
3699.423081910514
3699.423081910514
3699.423081910514
3699.423081910514
3699.423081910514
4071.924720282688
4071.924720282688
0
0
0
0
0
0
0
0
311.266875715998
311.266875715998
311.266875715998
311.266875715998
311.266875715998
311.266875715998
311.266875715998
311.266875715998
597.9764644403643
597.9764644403643
597.9764644403643
597.9764644403643
0
0
0
0
0
0
0
0
0
0
0
0
0
0
0
0
296.0416260164054
296.0416260164054
296.0416260164054
296.0416260164054
296.0416260164054
296.0416260164054
296.0416260164054
296.0416260164054
577.4059660227222
577.4059660227222
577.4059660227222
577.4059660227222
577.4059660227222
577.4059660227222
577.4059660227222
577.4059660227222
865.1605228091807
865.1605228091807
865.1605228091807
865.1605228091807
865.1605228091807
865.1605228091807
865.1605228091807
865.1605228091807
1145.9994775718897
1145.9994775718897
1145.9994775718897
1145.9994775718897
1145.9994775718897
1145.9994775718897
1145.9994775718897
1145.9994775718897
1444.96629907031
1444.96629907031
1444.96629907031
1444.96629907031
1444.96629907031
1444.96629907031
1444.96629907031
1444.96629907031
1728.97836152749
1728.97836152749
1728.97836152749
1728.97836152749
1728.97836152749
1728.97836152749
1728.97836152749
1728.97836152749
1985.1388954773902
1985.1388954773902
1985.1388954773902
1985.1388954773902
1985.1388954773902
1985.1388954773902
1985.1388954773902
1985.1388954773902
2266.6505433598604
2266.6505433598604
2266.6505433598604
2266.6505433598604
2266.6505433598604
2266.6505433598604
2266.6505433598604
2266.6505433598604
2612.65068561109
2612.65068561109
2612.65068561109
2612.65068561109
2612.65068561109
2612.65068561109
2612.65068561109
2612.65068561109
2900.602783081077
2900.602783081077
2900.602783081077
2900.602783081077
2900.602783081077
2900.602783081077
2900.602783081077
2900.602783081077
3175.3057233624877
3175.3057233624877
3175.3057233624877
3175.3057233624877
3175.3057233624877
3175.3057233624877
3175.3057233624877
3175.3057233624877
3490.5187711498684
3490.5187711498684
3490.5187711498684
3490.5187711498684
3490.5187711498684
3490.5187711498684
3490.5187711498684
3490.5187711498684
0
0
0
0
0
0
0
0
334.09341091400927
334.09341091400927
334.09341091400927
334.09341091400927
334.09341091400927
334.09341091400927
334.09341091400927
334.09341091400927
652.0187370301866
652.0187370301866
652.0187370301866
652.0187370301866
652.0187370301866
652.0187370301866
652.0187370301866
652.0187370301866
929.3559107892626
929.3559107892626
929.3559107892626
929.3559107892626
929.3559107892626
929.3559107892626
929.3559107892626
929.3559107892626
1287.1013633246703
1287.1013633246703
1287.1013633246703
1287.1013633246703
1287.1013633246703
1287.1013633246703
1287.1013633246703
1287.1013633246703
1626.6003105963264
1626.6003105963264
1626.6003105963264
1626.6003105963264
1626.6003105963264
1626.6003105963264
1626.6003105963264
1626.6003105963264
1965.455648632672
1965.455648632672
1965.455648632672
1965.455648632672
1965.455648632672
1965.455648632672
1965.455648632672
1965.455648632672
2238.561596850942
2238.561596850942
2238.561596850942
2238.561596850942
2238.561596850942
2238.561596850942
2238.561596850942
2238.561596850942
2521.198392619316
2521.198392619316
2521.198392619316
2521.198392619316
2521.198392619316
2521.198392619316
2521.198392619316
2521.198392619316
2847.840839612223
2847.840839612223
2847.840839612223
2847.840839612223
2847.840839612223
2847.840839612223
2847.840839612223
2847.840839612223
3156.145585840528
3156.145585840528
3156.145585840528
3156.145585840528
3156.145585840528
3156.145585840528
3156.145585840528
3156.145585840528
3480.0490207155017
3480.0490207155017
0
0
0
0
0
0
0
0
311.6753536482218
311.6753536482218
311.6753536482218
311.6753536482218
311.6753536482218
311.6753536482218
311.6753536482218
311.6753536482218
538.9855154912159
538.9855154912159
538.9855154912159
538.9855154912159
538.9855154912159
538.9855154912159
538.9855154912159
538.9855154912159
797.1203799394111
797.1203799394111
797.1203799394111
797.1203799394111
797.1203799394111
797.1203799394111
797.1203799394111
797.1203799394111
1064.839183807355
1064.839183807355
1064.839183807355
1064.839183807355
1064.839183807355
1064.839183807355
1064.839183807355
1064.839183807355
1310.105148443454
1310.105148443454
1310.105148443454
1310.105148443454
1310.105148443454
1310.105148443454
1310.105148443454
1310.105148443454
1536.8623514964336
1536.8623514964336
1536.8623514964336
1536.8623514964336
1536.8623514964336
1536.8623514964336
1536.8623514964336
1536.8623514964336
1794.45806224637
1794.45806224637
1794.45806224637
1794.45806224637
1794.45806224637
1794.45806224637
1794.45806224637
1794.45806224637
2077.166621286885
2077.166621286885
2077.166621286885
2077.166621286885
2077.166621286885
2077.166621286885
2077.166621286885
2077.166621286885
2376.9275011564478
2376.9275011564478
2376.9275011564478
2376.9275011564478
2376.9275011564478
2376.9275011564478
2376.9275011564478
2376.9275011564478
2684.3423380557715
2684.3423380557715
2684.3423380557715
2684.3423380557715
2684.3423380557715
2684.3423380557715
2684.3423380557715
2684.3423380557715
2959.637904186131
2959.637904186131
2959.637904186131
2959.637904186131
2959.637904186131
2959.637904186131
2959.637904186131
2959.637904186131
3226.420848766439
3226.420848766439
3226.420848766439
3226.420848766439
3226.420848766439
3226.420848766439
3226.420848766439
3226.420848766439
0
0
0
0
0
0
0
0
318.7662666924444
318.7662666924444
318.7662666924444
318.7662666924444
318.7662666924444
318.7662666924444
318.7662666924444
318.7662666924444
667.9005017303266
667.9005017303266
667.9005017303266
667.9005017303266
667.9005017303266
667.9005017303266
667.9005017303266
667.9005017303266
1030.669897324305
1030.669897324305
1030.669897324305
1030.669897324305
1030.669897324305
1030.669897324305
1030.669897324305
1030.669897324305
1331.5991600454045
1331.5991600454045
1331.5991600454045
1331.5991600454045
1331.5991600454045
1331.5991600454045
1331.5991600454045
1331.5991600454045
1659.2427689196302
1659.2427689196302
1659.2427689196302
1659.2427689196302
1659.2427689196302
1659.2427689196302
1659.2427689196302
1659.2427689196302
1977.1516799349884
1977.1516799349884
1977.1516799349884
1977.1516799349884
1977.1516799349884
1977.1516799349884
1977.1516799349884
1977.1516799349884
2231.1078999837027
2231.1078999837027
2231.1078999837027
2231.1078999837027
2231.1078999837027
2231.1078999837027
2231.1078999837027
2231.1078999837027
2535.963297953237
2535.963297953237
2535.963297953237
2535.963297953237
2535.963297953237
2535.963297953237
2535.963297953237
2535.963297953237
2841.820975222923
2841.820975222923
2841.820975222923
2841.820975222923
2841.820975222923
2841.820975222923
2841.820975222923
2841.820975222923
3169.882463063298
3169.882463063298
3169.882463063298
3169.882463063298
3169.882463063298
3169.882463063298
3169.882463063298
3169.882463063298
3492.931831140013
3492.931831140013
3492.931831140013
3492.931831140013
3492.931831140013
3492.931831140013
3492.931831140013
3492.931831140013
3780.9181723745087
3780.9181723745087
3780.9181723745087
3780.9181723745087
3780.9181723745087
3780.9181723745087
3780.9181723745087
3780.9181723745087
0
0
0
0
0
0
0
0
295.16272610711223
295.16272610711223
295.16272610711223
295.16272610711223
295.16272610711223
295.16272610711223
295.16272610711223
295.16272610711223
561.4093495563549
561.4093495563549
561.4093495563549
561.4093495563549
561.4093495563549
561.4093495563549
561.4093495563549
561.4093495563549
814.111986520761
814.111986520761
814.111986520761
814.111986520761
814.111986520761
814.111986520761
814.111986520761
814.111986520761
1091.0344890925157
1091.0344890925157
1091.0344890925157
1091.0344890925157
1091.0344890925157
1091.0344890925157
1091.0344890925157
1091.0344890925157
1360.8248949544259
1360.8248949544259
1360.8248949544259
1360.8248949544259
1360.8248949544259
1360.8248949544259
1360.8248949544259
1360.8248949544259
1639.5697766969843
1639.5697766969843
1639.5697766969843
1639.5697766969843
1639.5697766969843
1639.5697766969843
1639.5697766969843
1639.5697766969843
1901.0405232187086
1901.0405232187086
1901.0405232187086
1901.0405232187086
1901.0405232187086
1901.0405232187086
1901.0405232187086
1901.0405232187086
2184.9389214998155
2184.9389214998155
2184.9389214998155
2184.9389214998155
2184.9389214998155
2184.9389214998155
2184.9389214998155
2184.9389214998155
2485.9388657032796
2485.9388657032796
2485.9388657032796
2485.9388657032796
2485.9388657032796
2485.9388657032796
2485.9388657032796
2485.9388657032796
2748.803272880753
2748.803272880753
2748.803272880753
2748.803272880753
2748.803272880753
2748.803272880753
2748.803272880753
2748.803272880753
3023.8625186333456
3023.8625186333456
3023.8625186333456
3023.8625186333456
3023.8625186333456
3023.8625186333456
3023.8625186333456
3023.8625186333456
3322.9012579032296
3322.9012579032296
3322.9012579032296
3322.9012579032296
3322.9012579032296
3322.9012579032296
3322.9012579032296
3322.9012579032296
0
0
0
0
0
0
0
0
272.18378935009946
272.18378935009946
272.18378935009946
272.18378935009946
272.18378935009946
272.18378935009946
272.18378935009946
272.18378935009946
563.0832273356052
563.0832273356052
563.0832273356052
563.0832273356052
563.0832273356052
563.0832273356052
563.0832273356052
563.0832273356052
865.0592457497705
865.0592457497705
865.0592457497705
865.0592457497705
865.0592457497705
865.0592457497705
865.0592457497705
865.0592457497705
1152.3421578202217
1152.3421578202217
1152.3421578202217
1152.3421578202217
1152.3421578202217
1152.3421578202217
1152.3421578202217
1152.3421578202217
1474.5225921604501
1474.5225921604501
1474.5225921604501
1474.5225921604501
1474.5225921604501
1474.5225921604501
1474.5225921604501
1474.5225921604501
1745.0368413429178
1745.0368413429178
1745.0368413429178
1745.0368413429178
1745.0368413429178
1745.0368413429178
1745.0368413429178
1745.0368413429178
2002.9605553052866
2002.9605553052866
2002.9605553052866
2002.9605553052866
2002.9605553052866
2002.9605553052866
2002.9605553052866
2002.9605553052866
2285.381826795567
2285.381826795567
2285.381826795567
2285.381826795567
2285.381826795567
2285.381826795567
2285.381826795567
2285.381826795567
2529.359143267514
2529.359143267514
2529.359143267514
2529.359143267514
2529.359143267514
2529.359143267514
2529.359143267514
2529.359143267514
2843.514273999527
2843.514273999527
2843.514273999527
2843.514273999527
2843.514273999527
2843.514273999527
2843.514273999527
2843.514273999527
3095.4246343019886
3095.4246343019886
3095.4246343019886
3095.4246343019886
3095.4246343019886
3095.4246343019886
3095.4246343019886
3095.4246343019886
3295.2205184397535
3295.2205184397535
3295.2205184397535
3295.2205184397535
3295.2205184397535
3295.2205184397535
3295.2205184397535
3295.2205184397535
0
0
0
0
0
0
0
0
271.81254303568744
271.81254303568744
271.81254303568744
271.81254303568744
271.81254303568744
271.81254303568744
271.81254303568744
271.81254303568744
570.9775946619336
570.9775946619336
570.9775946619336
570.9775946619336
570.9775946619336
570.9775946619336
570.9775946619336
570.9775946619336
898.6503946729997
898.6503946729997
898.6503946729997
898.6503946729997
898.6503946729997
898.6503946729997
898.6503946729997
898.6503946729997
1230.1444435229553
1230.1444435229553
1230.1444435229553
1230.1444435229553
1230.1444435229553
1230.1444435229553
1230.1444435229553
1230.1444435229553
1507.7600444009056
1507.7600444009056
1507.7600444009056
1507.7600444009056
1507.7600444009056
1507.7600444009056
1507.7600444009056
1507.7600444009056
1783.7146146999355
1783.7146146999355
1783.7146146999355
1783.7146146999355
1783.7146146999355
1783.7146146999355
1783.7146146999355
1783.7146146999355
2058.471947835568
2058.471947835568
2058.471947835568
2058.471947835568
2058.471947835568
2058.471947835568
2058.471947835568
2058.471947835568
2379.9711585544055
2379.9711585544055
2379.9711585544055
2379.9711585544055
2379.9711585544055
2379.9711585544055
2379.9711585544055
2379.9711585544055
2681.1555853685295
2681.1555853685295
2681.1555853685295
2681.1555853685295
2681.1555853685295
2681.1555853685295
2681.1555853685295
2681.1555853685295
2951.0691688830175
2951.0691688830175
2951.0691688830175
2951.0691688830175
2951.0691688830175
2951.0691688830175
2951.0691688830175
2951.0691688830175
3239.1282314927385
3239.1282314927385
3239.1282314927385
3239.1282314927385
3239.1282314927385
3239.1282314927385
3239.1282314927385
3239.1282314927385
3524.6741163175247
3524.6741163175247
3524.6741163175247
3524.6741163175247
3524.6741163175247
3524.6741163175247
3524.6741163175247
3524.6741163175247
0
0
0
0
0
0
0
0
394.63919470229723
394.63919470229723
394.63919470229723
394.63919470229723
394.63919470229723
394.63919470229723
394.63919470229723
394.63919470229723
806.1330884745233
806.1330884745233
806.1330884745233
806.1330884745233
806.1330884745233
806.1330884745233
806.1330884745233
806.1330884745233
1219.0215974608905
1219.0215974608905
1219.0215974608905
1219.0215974608905
1219.0215974608905
1219.0215974608905
1219.0215974608905
1219.0215974608905
1635.8597130081312
1635.8597130081312
1635.8597130081312
1635.8597130081312
1635.8597130081312
1635.8597130081312
1635.8597130081312
1635.8597130081312
2015.5419325361436
2015.5419325361436
2015.5419325361436
2015.5419325361436
2015.5419325361436
2015.5419325361436
2015.5419325361436
2015.5419325361436
2446.409108366048
2446.409108366048
2446.409108366048
2446.409108366048
2446.409108366048
2446.409108366048
2446.409108366048
2446.409108366048
2812.012184417221
2812.012184417221
2812.012184417221
2812.012184417221
2812.012184417221
2812.012184417221
2812.012184417221
2812.012184417221
3206.060804698848
3206.060804698848
3206.060804698848
3206.060804698848
3206.060804698848
3206.060804698848
3206.060804698848
3206.060804698848
3552.9341597904013
3552.9341597904013
3552.9341597904013
3552.9341597904013
3552.9341597904013
3552.9341597904013
3552.9341597904013
3552.9341597904013
3876.2448126280015
3876.2448126280015
3876.2448126280015
3876.2448126280015
3876.2448126280015
3876.2448126280015
3876.2448126280015
3876.2448126280015
4211.000523603459
4211.000523603459
4211.000523603459
4211.000523603459
4211.000523603459
4211.000523603459
4211.000523603459
4211.000523603459
4588.480665258177
4588.480665258177
4588.480665258177
4588.480665258177
4588.480665258177
4588.480665258177
4588.480665258177
4588.480665258177
0
0
0
0
0
0
0
0
408.26398467696873
408.26398467696873
408.26398467696873
408.26398467696873
408.26398467696873
408.26398467696873
408.26398467696873
408.26398467696873
809.0878176825124
809.0878176825124
809.0878176825124
809.0878176825124
809.0878176825124
809.0878176825124
809.0878176825124
809.0878176825124
1170.5223819591095
1170.5223819591095
1170.5223819591095
1170.5223819591095
1170.5223819591095
1170.5223819591095
1170.5223819591095
1170.5223819591095
1536.1168134804875
1536.1168134804875
1536.1168134804875
1536.1168134804875
1536.1168134804875
1536.1168134804875
15360
0
0
0
0
0
0
0
274.16401674372605
274.16401674372605
274.16401674372605
274.16401674372605
274.16401674372605
274.16401674372605
274.16401674372605
274.16401674372605
505.16199203111455
505.16199203111455
505.16199203111455
505.16199203111455
505.16199203111455
505.16199203111455
505.16199203111455
505.16199203111455
767.7499362814247
767.7499362814247
767.7499362814247
767.7499362814247
767.7499362814247
767.7499362814247
767.7499362814247
767.7499362814247
1033.2412756123745
1033.2412756123745
1033.2412756123745
1033.2412756123745
1033.2412756123745
1033.2412756123745
1033.2412756123745
1033.2412756123745
1274.0217571492826
1274.0217571492826
1274.0217571492826
1274.0217571492826
1274.0217571492826
1274.0217571492826
1274.0217571492826
1274.0217571492826
1555.9945498572501
1555.9945498572501
1555.9945498572501
1555.9945498572501
1555.9945498572501
1555.9945498572501
1555.9945498572501
1555.9945498572501
1795.2690270313979
1795.2690270313979
1795.2690270313979
1795.2690270313979
1795.2690270313979
1795.2690270313979
1795.2690270313979
1795.2690270313979
2041.8001897529853
2041.8001897529853
2041.8001897529853
2041.8001897529853
2041.8001897529853
2041.8001897529853
2041.8001897529853
2041.8001897529853
2307.4579931947387
2307.4579931947387
2307.4579931947387
2307.4579931947387
2307.4579931947387
2307.4579931947387
2307.4579931947387
2307.4579931947387
2545.225619691329
2545.225619691329
2545.225619691329
2545.225619691329
2545.225619691329
2545.225619691329
2545.225619691329
2545.225619691329
2813.756503922014
2813.756503922014
2813.756503922014
2813.756503922014
2813.756503922014
2813.756503922014
2813.756503922014
2813.756503922014
3065.8447146708436
3065.8447146708436
3065.8447146708436
3065.8447146708436
3065.8447146708436
3065.8447146708436
3065.8447146708436
3065.8447146708436
0
0
0
0
0
0
0
0
202.0283700445011
202.0283700445011
202.0283700445011
202.0283700445011
202.0283700445011
202.0283700445011
202.0283700445011
202.0283700445011
471.76545033362504
471.76545033362504
471.76545033362504
471.76545033362504
471.76545033362504
471.76545033362504
471.76545033362504
471.76545033362504
777.087818385352
777.087818385352
777.087818385352
777.087818385352
777.087818385352
777.087818385352
777.087818385352
777.087818385352
1023.3164529802898
1023.3164529802898
1023.3164529802898
1023.3164529802898
1023.3164529802898
1023.3164529802898
1023.3164529802898
1023.3164529802898
1343.8530151547648
1343.8530151547648
1343.8530151547648
1343.8530151547648
1343.8530151547648
1343.8530151547648
1343.8530151547648
1343.8530151547648
1616.4712931708218
1616.4712931708218
1616.4712931708218
1616.4712931708218
1616.4712931708218
1616.4712931708218
1616.4712931708218
1616.4712931708218
1967.5315744220761
1967.5315744220761
1967.5315744220761
1967.5315744220761
1967.5315744220761
1967.5315744220761
1967.5315744220761
1967.5315744220761
2226.6091594415557
2226.6091594415557
2226.6091594415557
2226.6091594415557
2226.6091594415557
2226.6091594415557
2226.6091594415557
2226.6091594415557
2547.260138503061
2547.260138503061
2547.260138503061
2547.260138503061
2547.260138503061
2547.260138503061
2547.260138503061
2547.260138503061
2810.1083135423587
2810.1083135423587
2810.1083135423587
2810.1083135423587
2810.1083135423587
2810.1083135423587
2810.1083135423587
2810.1083135423587
3119.605515733083
3119.605515733083
3119.605515733083
3119.605515733083
3119.605515733083
3119.605515733083
3119.605515733083
3119.605515733083
3426.1264507828328
3426.1264507828328
3426.1264507828328
3426.1264507828328
3426.1264507828328
3426.1264507828328
3426.1264507828328
3426.1264507828328
0
0
0
0
0
0
0
0
311.1970191205622
311.1970191205622
311.1970191205622
311.1970191205622
311.1970191205622
311.1970191205622
311.1970191205622
311.1970191205622
616.1227550249844
616.1227550249844
616.1227550249844
616.1227550249844
616.1227550249844
616.1227550249844
616.1227550249844
616.1227550249844
857.1589271721311
857.1589271721311
857.1589271721311
857.1589271721311
857.1589271721311
857.1589271721311
857.1589271721311
857.1589271721311
1141.4820315328109
1141.4820315328109
1141.4820315328109
1141.4820315328109
1141.4820315328109
1141.4820315328109
1141.4820315328109
1141.4820315328109
1481.2182286930129
1481.2182286930129
1481.2182286930129
1481.2182286930129
1481.2182286930129
1481.2182286930129
1481.2182286930129
1481.2182286930129
1738.4740274960086
1738.4740274960086
1738.4740274960086
1738.4740274960086
1738.4740274960086
1738.4740274960086
1738.4740274960086
1738.4740274960086
2087.5403837294793
2087.5403837294793
2087.5403837294793
2087.5403837294793
2087.5403837294793
2087.5403837294793
2087.5403837294793
2087.5403837294793
2366.327651700534
2366.327651700534
2366.327651700534
2366.327651700534
2366.327651700534
2366.327651700534
2366.327651700534
2366.327651700534
2653.9921659598535
2653.9921659598535
2653.9921659598535
2653.9921659598535
2653.9921659598535
2653.9921659598535
2653.9921659598535
2653.9921659598535
2961.8182307199363
2961.8182307199363
2961.8182307199363
2961.8182307199363
2961.8182307199363
2961.8182307199363
2961.8182307199363
2961.8182307199363
3264.4275070310855
3264.4275070310855
3264.4275070310855
3264.4275070310855
3264.4275070310855
3264.4275070310855
3264.4275070310855
3264.4275070310855
3572.1211782077294
3572.1211782077294
3572.1211782077294
3572.1211782077294
3572.1211782077294
3572.1211782077294
3572.1211782077294
3572.1211782077294
0
0
0
0
0
0
0
0
258.61301490681524
258.61301490681524
258.61301490681524
258.61301490681524
258.61301490681524
258.61301490681524
258.61301490681524
258.61301490681524
579.2703670758614
579.2703670758614
579.2703670758614
579.2703670758614
579.2703670758614
579.2703670758614
579.2703670758614
579.2703670758614
900.7853613229862
900.7853613229862
900.7853613229862
900.7853613229862
900.7853613229862
900.7853613229862
900.7853613229862
900.7853613229862
1189.1778658168196
1189.1778658168196
1189.1778658168196
1189.1778658168196
1189.1778658168196
1189.1778658168196
1189.1778658168196
1189.1778658168196
1491.5760803981816
1491.5760803981816
1491.5760803981816
1491.5760803981816
1491.5760803981816
1491.5760803981816
1491.5760803981816
1491.5760803981816
1760.7456434756655
1760.7456434756655
1760.7456434756655
1760.7456434756655
1760.7456434756655
1760.7456434756655
1760.7456434756655
1760.7456434756655
2054.1734276280063
2054.1734276280063
2054.1734276280063
2054.1734276280063
2054.1734276280063
2054.1734276280063
2054.1734276280063
2054.1734276280063
2313.7476358208837
2313.7476358208837
2313.7476358208837
2313.7476358208837
2313.7476358208837
2313.7476358208837
2313.7476358208837
2313.7476358208837
2607.0663641845917
2607.0663641845917
2607.0663641845917
2607.0663641845917
2607.0663641845917
2607.0663641845917
2607.0663641845917
2607.0663641845917
2915.548048566327
2915.548048566327
2915.548048566327
2915.548048566327
2915.548048566327
2915.548048566327
2915.548048566327
2915.548048566327
3177.0468097118132
3177.0468097118132
3177.0468097118132
3177.0468097118132
3177.0468097118132
3177.0468097118132
3177.0468097118132
3177.0468097118132
3453.5202465325133
3453.5202465325133
3453.5202465325133
3453.5202465325133
3453.5202465325133
3453.5202465325133
3453.5202465325133
3453.5202465325133
3723.4535786729325
3723.4535786729325
3723.4535786729325
3723.4535786729325
3723.4535786729325
3723.4535786729325
3723.4535786729325
3723.4535786729325
3965.1962092389817
3965.1962092389817
3965.1962092389817
3965.1962092389817
3965.1962092389817
3965.1962092389817
3965.1962092389817
3965.1962092389817
4249.243113358439
4249.243113358439
4249.243113358439
4249.243113358439
4249.243113358439
4249.243113358439
4249.243113358439
4249.243113358439
4547.237082497335
4547.237082497335
4547.237082497335
4547.237082497335
4547.237082497335
4547.237082497335
4547.237082497335
4547.237082497335
4812.6927893356515
4812.6927893356515
4812.6927893356515
4812.6927893356515
4812.6927893356515
4812.6927893356515
4812.6927893356515
4812.6927893356515
5083.399914813472
5083.399914813472
5083.399914813472
5083.399914813472
5083.399914813472
5083.399914813472
5083.399914813472
5083.399914813472
5382.795238804967
5382.795238804967
5382.795238804967
5382.795238804967
5382.795238804967
5382.795238804967
5382.795238804967
5382.795238804967
5636.544375721485
5636.544375721485
5636.544375721485
5636.544375721485
5636.544375721485
5636.544375721485
5636.544375721485
5636.544375721485
5934.189277617554
5934.189277617554
5934.189277617554
5934.189277617554
5934.189277617554
5934.189277617554
5934.189277617554
5934.189277617554
6215.390841045184
6215.390841045184
6215.390841045184
6215.390841045184
6215.390841045184
6215.390841045184
6215.390841045184
6215.390841045184
6435.724099251829
6435.724099251829
6435.724099251829
6435.724099251829
6435.724099251829
6435.724099251829
6435.724099251829
6435.724099251829
6726.942130337915
6726.942130337915
6726.942130337915
6726.942130337915
6726.942130337915
6726.942130337915
6726.942130337915
6726.942130337915
6948.456740029678
6948.456740029678
6948.456740029678
6948.456740029678
6948.456740029678
6948.456740029678
6948.456740029678
6948.456740029678
7218.565868121172
7218.565868121172
0
0
0
0
0
0
0
0
258.4393355015485
258.4393355015485
258.4393355015485
258.4393355015485
258.4393355015485
258.4393355015485
258.4393355015485
258.4393355015485
515.9365010543302
515.9365010543302
515.9365010543302
515.9365010543302
515.9365010543302
515.9365010543302
515.9365010543302
515.9365010543302
823.509462411896
823.509462411896
823.509462411896
823.509462411896
823.509462411896
823.509462411896
823.509462411896
823.509462411896
1065.5913559690346
1065.5913559690346
1065.5913559690346
1065.5913559690346
1065.5913559690346
1065.5913559690346
1065.5913559690346
1065.5913559690346
1383.7016973800748
1383.7016973800748
1383.7016973800748
1383.7016973800748
1383.7016973800748
1383.7016973800748
1383.7016973800748
1383.7016973800748
1672.834528712003
1672.834528712003
1672.834528712003
1672.834528712003
1672.834528712003
1672.834528712003
1672.834528712003
1672.834528712003
1942.7839549058438
1942.7839549058438
1942.7839549058438
1942.7839549058438
1942.7839549058438
1942.7839549058438
1942.7839549058438
1942.7839549058438
2249.346932806343
2249.346932806343
2249.346932806343
2249.346932806343
2249.346932806343
2249.346932806343
2249.346932806343
2249.346932806343
2517.0160406160467
2517.0160406160467
2517.0160406160467
2517.0160406160467
2517.0160406160467
2517.0160406160467
2517.0160406160467
2517.0160406160467
2819.5696205779386
2819.5696205779386
2819.5696205779386
2819.5696205779386
2819.5696205779386
2819.5696205779386
2819.5696205779386
2819.5696205779386
3052.100113369852
3052.100113369852
3052.100113369852
3052.100113369852
3052.100113369852
3052.100113369852
3052.100113369852
3052.100113369852
3312.6582068939924
3312.6582068939924
3312.6582068939924
3312.6582068939924
3312.6582068939924
3312.6582068939924
3312.6582068939924
3312.6582068939924
3569.361482029589
3569.361482029589
3569.361482029589
3569.361482029589
3569.361482029589
3569.361482029589
3569.361482029589
3569.361482029589
3827.923897877281
3827.923897877281
3827.923897877281
3827.923897877281
3827.923897877281
3827.923897877281
3827.923897877281
3827.923897877281
4148.046953619647
4148.046953619647
4148.046953619647
4148.046953619647
4148.046953619647
4148.046953619647
4148.046953619647
4148.046953619647
4417.263657666659
4417.263657666659
4417.263657666659
4417.263657666659
4417.263657666659
4417.263657666659
4417.263657666659
4417.263657666659
4724.924703450484
4724.924703450484
4724.924703450484
4724.924703450484
4724.924703450484
4724.924703450484
4724.924703450484
4724.924703450484
4972.186890696177
4972.186890696177
4972.186890696177
4972.186890696177
4972.186890696177
4972.186890696177
4972.186890696177
4972.186890696177
5251.5240297734945
5251.5240297734945
5251.5240297734945
5251.5240297734945
5251.5240297734945
5251.5240297734945
5251.5240297734945
5251.5240297734945
5558.657516853371
5558.657516853371
5558.657516853371
5558.657516853371
5558.657516853371
5558.657516853371
5558.657516853371
5558.657516853371
5845.402295477117
5845.402295477117
5845.402295477117
5845.402295477117
5845.402295477117
5845.402295477117
5845.402295477117
5845.402295477117
6117.102189884423
6117.102189884423
6117.102189884423
6117.102189884423
6117.102189884423
6117.102189884423
6117.102189884423
6117.102189884423
6407.596559202151
6407.596559202151
6407.596559202151
6407.596559202151
6407.596559202151
6407.596559202151
6407.596559202151
6407.596559202151
6703.0381560071055
6703.0381560071055
6703.0381560071055
6703.0381560071055
6703.0381560071055
6703.0381560071055
6703.0381560071055
6703.0381560071055
6977.314432747466
6977.314432747466
6977.314432747466
6977.314432747466
6977.314432747466
6977.314432747466
6977.314432747466
6977.314432747466
7262.782469578173
7262.782469578173
7262.782469578173
7262.782469578173
7262.782469578173
7262.782469578173
7262.782469578173
7262.782469578173
7533.760076628107
7533.760076628107
7533.760076628107
7533.760076628107
7533.760076628107
7533.760076628107
7533.760076628107
7533.760076628107
7836.088241993542
7836.088241993542
7836.088241993542
7836.088241993542
7836.088241993542
7836.088241993542
7836.088241993542
7836.088241993542
8104.638407489065
8104.638407489065
8104.638407489065
8104.638407489065
8104.638407489065
8104.638407489065
8104.638407489065
8104.638407489065
8381.559177003224
8381.559177003224
0
0
294.1894310468093
294.1894310468093
294.1894310468093
294.1894310468093
294.1894310468093
294.1894310468093
294.1894310468093
294.1894310468093
571.7287844700317
571.7287844700317
571.7287844700317
571.7287844700317
571.7287844700317
571.7287844700317
571.7287844700317
571.7287844700317
825.1554065297249
825.1554065297249
825.1554065297249
825.1554065297249
825.1554065297249
825.1554065297249
825.1554065297249
825.1554065297249
1158.7895933042078
1158.7895933042078
1158.7895933042078
1158.7895933042078
1158.7895933042078
1158.7895933042078
1158.7895933042078
1158.7895933042078
1457.1755340802388
1457.1755340802388
1457.1755340802388
1457.1755340802388
1457.1755340802388
1457.1755340802388
1457.1755340802388
1457.1755340802388
1730.2315122383748
1730.2315122383748
1730.2315122383748
1730.2315122383748
1730.2315122383748
1730.2315122383748
1730.2315122383748
1730.2315122383748
1989.761628627757
1989.761628627757
1989.761628627757
1989.761628627757
1989.761628627757
1989.761628627757
1989.761628627757
1989.761628627757
2326.53306419588
2326.53306419588
2326.53306419588
2326.53306419588
2326.53306419588
2326.53306419588
2326.53306419588
2326.53306419588
2629.787611577668
2629.787611577668
2629.787611577668
2629.787611577668
2629.787611577668
2629.787611577668
2629.787611577668
2629.787611577668
2979.009497643129
2979.009497643129
2979.009497643129
2979.009497643129
2979.009497643129
2979.009497643129
2979.009497643129
2979.009497643129
3199.6105009529574
3199.6105009529574
3199.6105009529574
3199.6105009529574
3199.6105009529574
3199.6105009529574
3199.6105009529574
3199.6105009529574
3512.508286952442
3512.508286952442
3512.508286952442
3512.508286952442
3512.508286952442
3512.508286952442
3512.508286952442
3512.508286952442
3853.2752629417328
3853.2752629417328
3853.2752629417328
3853.2752629417328
3853.2752629417328
3853.2752629417328
3853.2752629417328
3853.2752629417328
4154.022284115593
4154.022284115593
4154.022284115593
4154.022284115593
4154.022284115593
4154.022284115593
4154.022284115593
4154.022284115593
4463.8338880723595
4463.8338880723595
4463.8338880723595
4463.8338880723595
4463.8338880723595
4463.8338880723595
4463.8338880723595
4463.8338880723595
4808.113123258147
4808.113123258147
4808.113123258147
4808.113123258147
4808.113123258147
4808.113123258147
4808.113123258147
4808.113123258147
5079.2708658945785
5079.2708658945785
5079.2708658945785
5079.2708658945785
5079.2708658945785
5079.2708658945785
5079.2708658945785
5079.2708658945785
5368.984654384599
5368.984654384599
5368.984654384599
5368.984654384599
5368.984654384599
5368.984654384599
5368.984654384599
5368.984654384599
5681.7067350898515
5681.7067350898515
5681.7067350898515
5681.7067350898515
5681.7067350898515
5681.7067350898515
5681.7067350898515
5681.7067350898515
0
0
243.43811357964643
243.43811357964643
513.999246926826
513.999246926826
794.8162869106053
794.8162869106053
1079.183586239691
1079.183586239691
1340.7635070041497
1340.7635070041497
1626.7295340501032
1626.7295340501032
1959.8807461861284
1959.8807461861284
2257.707204944318
2257.707204944318
2542.0123293895517
2542.0123293895517
2837.5020176001003
2837.5020176001003
3096.266257601223
3096.266257601223
3410.47677626857
3410.47677626857
3698.8786400147414
3698.8786400147414
3914.040838328811
3914.040838328811
4215.139190961343
4215.139190961343
4527.338680292618
4527.338680292618
4802.841744850388
4802.841744850388
5109.340804953936
5109.340804953936
5430.222284975283
5430.222284975283
5697.308156184292
5697.308156184292
5970.348129697153
5970.348129697153
6267.0640007134825
6267.0640007134825
6617.977986251883
6617.977986251883
6886.513640704385
6886.513640704385
7142.339033189084
7142.339033189084
7406.422177364289
7406.422177364289
7711.046096522285
7711.046096522285
7966.473504009022
7966.473504009022
8222.012615764
8222.012615764
8527.600095270162
8527.600095270162
8780.202323609763
8780.202323609763
9078.057116161737
9078.057116161737
9339.830314138151
9339.830314138151
9610.207816523212
9610.207816523212
9904.344376303678
9904.344376303678
10184.523883093829
10184.523883093829
10479.954793331464
10479.954793331464
10749.718029124204
10749.718029124204
11000.593300966502
11000.593300966502
11233.31344546099
11233.31344546099
11520.275353813464
11520.275353813464
11788.507240636922
11788.507240636922
12045.56396625999
12045.56396625999
12331.001009845924
12331.001009845924
12583.747798891924
12583.747798891924
12853.303150814208
12853.303150814208
13128.949314312955
13128.949314312955
13440.070915201166
13440.070915201166
13712.854736113604
13712.854736113604
14020.461810251283
14020.461810251283
0
0
0
0
0
0
0
0
341.93892297124415
341.93892297124415
341.93892297124415
341.93892297124415
341.93892297124415
341.93892297124415
341.93892297124415
341.93892297124415
673.072918953161
673.072918953161
673.072918953161
673.072918953161
673.072918953161
673.072918953161
673.072918953161
673.072918953161
947.3750154243492
947.3750154243492
947.3750154243492
947.3750154243492
947.3750154243492
947.3750154243492
947.3750154243492
947.3750154243492
1281.3296660546603
1281.3296660546603
1281.3296660546603
1281.3296660546603
1281.3296660546603
1281.3296660546603
1281.3296660546603
1281.3296660546603
1596.303888305455
1596.303888305455
1596.303888305455
1596.303888305455
1596.303888305455
1596.303888305455
1596.303888305455
1596.303888305455
1916.8389105597098
1916.8389105597098
1916.8389105597098
1916.8389105597098
1916.8389105597098
1916.8389105597098
1916.8389105597098
1916.8389105597098
2205.767429543709
2205.767429543709
2205.767429543709
2205.767429543709
2205.767429543709
2205.767429543709
2205.767429543709
2205.767429543709
2479.8010593707213
2479.8010593707213
2479.8010593707213
2479.8010593707213
2479.8010593707213
2479.8010593707213
2479.8010593707213
2479.8010593707213
2791.474378274628
2791.474378274628
2791.474378274628
2791.474378274628
2791.474378274628
2791.474378274628
2791.474378274628
2791.474378274628
3065.6725035066675
3065.6725035066675
3065.6725035066675
3065.6725035066675
3065.6725035066675
3065.6725035066675
3065.6725035066675
3065.6725035066675
3396.1567337953393
3396.1567337953393
3396.1567337953393
3396.1567337953393
3396.1567337953393
3396.1567337953393
3396.1567337953393
3396.1567337953393
3655.2264085997012
3655.2264085997012
3655.2264085997012
3655.2264085997012
3655.2264085997012
3655.2264085997012
3655.2264085997012
3655.2264085997012
0
0
0
0
0
0
0
0
308.9241410151528
308.9241410151528
308.9241410151528
308.9241410151528
308.9241410151528
308.9241410151528
308.9241410151528
308.9241410151528
592.9403049525046
592.9403049525046
592.9403049525046
592.9403049525046
592.9403049525046
592.9403049525046
592.9403049525046
592.9403049525046
891.5325251736379
891.5325251736379
891.5325251736379
891.5325251736379
891.5325251736379
891.5325251736379
891.5325251736379
891.5325251736379
1181.2086084157604
1181.2086084157604
1181.2086084157604
1181.2086084157604
1181.2086084157604
1181.2086084157604
1181.2086084157604
1181.2086084157604
1491.1841014422166
1491.1841014422166
1491.1841014422166
1491.1841014422166
1491.1841014422166
1491.1841014422166
1491.1841014422166
1491.1841014422166
1756.6985299520447
1756.6985299520447
1756.6985299520447
1756.6985299520447
1756.6985299520447
1756.6985299520447
1756.6985299520447
1756.6985299520447
2072.984177673403
2072.984177673403
2072.984177673403
2072.984177673403
2072.984177673403
2072.984177673403
2072.984177673403
2072.984177673403
2425.6432844452665
2425.6432844452665
2425.6432844452665
2425.6432844452665
2425.6432844452665
2425.6432844452665
2425.6432844452665
2425.6432844452665
2720.4331950656533
2720.4331950656533
2720.4331950656533
2720.4331950656533
2720.4331950656533
2720.4331950656533
2720.4331950656533
2720.4331950656533
3023.5696266946534
3023.5696266946534
3023.5696266946534
3023.5696266946534
3023.5696266946534
3023.5696266946534
3023.5696266946534
3023.5696266946534
3278.8440999040404
3278.8440999040404
3278.8440999040404
3278.8440999040404
3278.8440999040404
3278.8440999040404
3278.8440999040404
3278.8440999040404
3558.464492253892
3558.464492253892
3558.464492253892
3558.464492253892
3558.464492253892
3558.464492253892
3558.464492253892
3558.464492253892
0
0
0
0
0
0
0
0
321.3646209660203
321.3646209660203
321.3646209660203
321.3646209660203
321.3646209660203
321.3646209660203
321.3646209660203
321.3646209660203
609.5612757846569
609.5612757846569
609.5612757846569
609.5612757846569
609.5612757846569
609.5612757846569
609.5612757846569
609.5612757846569
939.1268786573794
939.1268786573794
939.1268786573794
939.1268786573794
939.1268786573794
939.1268786573794
939.1268786573794
939.1268786573794
1222.8886987875082
1222.8886987875082
1222.8886987875082
1222.8886987875082
1222.8886987875082
1222.8886987875082
1222.8886987875082
1222.8886987875082
1548.5005613365818
1548.5005613365818
1548.5005613365818
1548.5005613365818
1548.5005613365818
1548.5005613365818
1548.5005613365818
1548.5005613365818
1834.4881126319244
1834.4881126319244
1834.4881126319244
1834.4881126319244
1834.4881126319244
1834.4881126319244
1834.4881126319244
1834.4881126319244
2162.3388932776998
2162.3388932776998
2162.3388932776998
2162.3388932776998
2162.3388932776998
2162.3388932776998
2162.3388932776998
2162.3388932776998
2452.786549641096
2452.786549641096
2452.786549641096
2452.786549641096
2452.786549641096
2452.786549641096
2452.786549641096
2452.786549641096
2754.3856175885967
2754.3856175885967
2754.3856175885967
2754.3856175885967
2754.3856175885967
2754.3856175885967
2754.3856175885967
2754.3856175885967
3045.0742870212443
3045.0742870212443
3045.0742870212443
3045.0742870212443
3045.0742870212443
3045.0742870212443
3045.0742870212443
3045.0742870212443
3347.404645691522
3347.404645691522
3347.404645691522
3347.404645691522
3347.404645691522
3347.404645691522
3347.404645691522
3347.404645691522
3623.990580489918
3623.990580489918
3623.990580489918
3623.990580489918
3623.990580489918
3623.990580489918
3623.990580489918
3623.990580489918
0
0
0
0
0
0
0
0
373.1772971231888
373.1772971231888
373.1772971231888
373.1772971231888
373.1772971231888
373.1772971231888
373.1772971231888
373.1772971231888
697.8712797314398
697.8712797314398
697.8712797314398
697.8712797314398
697.8712797314398
697.8712797314398
697.8712797314398
697.8712797314398
954.6151722543872
954.6151722543872
954.6151722543872
954.6151722543872
954.6151722543872
954.6151722543872
954.6151722543872
954.6151722543872
1313.95134624626
1313.95134624626
1313.95134624626
1313.95134624626
1313.95134624626
1313.95134624626
1313.95134624626
1313.95134624626
1631.932904227218
1631.932904227218
1631.932904227218
1631.932904227218
1631.932904227218
1631.932904227218
1631.932904227218
1631.932904227218
2025.8845671549288
2025.8845671549288
2025.8845671549288
2025.8845671549288
2025.8845671549288
2025.8845671549288
2025.8845671549288
2025.8845671549288
2333.4153851533474
2333.4153851533474
2333.4153851533474
2333.4153851533474
2333.4153851533474
2333.4153851533474
2333.4153851533474
2333.4153851533474
2676.279217488338
2676.279217488338
2676.279217488338
2676.279217488338
2676.279217488338
2676.279217488338
2676.279217488338
2676.279217488338
2995.2900028725726
2995.2900028725726
2995.2900028725726
2995.2900028725726
2995.2900028725726
2995.2900028725726
2995.2900028725726
2995.2900028725726
3331.8024902033794
3331.8024902033794
3331.8024902033794
3331.8024902033794
3331.8024902033794
3331.8024902033794
3331.8024902033794
3331.8024902033794
3637.0549599283822
3637.0549599283822
3637.0549599283822
3637.0549599283822
3637.0549599283822
3637.0549599283822
3637.0549599283822
3637.0549599283822
3962.653626452351
3962.653626452351
3962.653626452351
3962.653626452351
3962.653626452351
3962.653626452351
3962.653626452351
3962.653626452351
0
0
0
0
0
0
0
0
285.2720300665251
285.2720300665251
285.2720300665251
285.2720300665251
285.2720300665251
285.2720300665251
285.2720300665251
285.2720300665251
558.7058992745876
558.7058992745876
558.7058992745876
558.7058992745876
558.7058992745876
558.7058992745876
558.7058992745876
558.7058992745876
809.900321862355
809.900321862355
809.900321862355
809.900321862355
809.900321862355
809.900321862355
809.900321862355
809.900321862355
1089.7178152130616
1089.7178152130616
1089.7178152130616
1089.7178152130616
1089.7178152130616
1089.7178152130616
1089.7178152130616
1089.7178152130616
1369.6561872183722
1369.6561872183722
1369.6561872183722
1369.6561872183722
1369.6561872183722
1369.6561872183722
1369.6561872183722
1369.6561872183722
1632.688222090109
1632.688222090109
1632.688222090109
1632.688222090109
1632.688222090109
1632.688222090109
1632.688222090109
1632.688222090109
1924.9933868594971
1924.9933868594971
1924.9933868594971
1924.9933868594971
1924.9933868594971
1924.9933868594971
1924.9933868594971
1924.9933868594971
2230.0574845119645
2230.0574845119645
2230.0574845119645
2230.0574845119645
2230.0574845119645
2230.0574845119645
2230.0574845119645
2230.0574845119645
2502.710760083104
2502.710760083104
2502.710760083104
2502.710760083104
2502.710760083104
2502.710760083104
2502.710760083104
2502.710760083104
2801.3457889621577
2801.3457889621577
2801.3457889621577
2801.3457889621577
2801.3457889621577
2801.3457889621577
2801.3457889621577
2801.3457889621577
3062.8635721358705
3062.8635721358705
3062.8635721358705
3062.8635721358705
3062.8635721358705
3062.8635721358705
3062.8635721358705
3062.8635721358705
3323.5262063081764
3323.5262063081764
3323.5262063081764
3323.5262063081764
3323.5262063081764
3323.5262063081764
3323.5262063081764
3323.5262063081764
0
0
0
0
0
0
0
0
283.0343175514977
283.0343175514977
283.0343175514977
283.0343175514977
283.0343175514977
283.0343175514977
283.0343175514977
283.0343175514977
583.9597659530347
583.9597659530347
583.9597659530347
583.9597659530347
583.9597659530347
583.9597659530347
583.9597659530347
583.9597659530347
794.6584723291814
794.6584723291814
794.6584723291814
794.6584723291814
794.6584723291814
794.6584723291814
794.6584723291814
794.6584723291814
1063.796702417296
1063.796702417296
1063.796702417296
1063.796702417296
1063.796702417296
1063.796702417296
1063.796702417296
1063.796702417296
1327.2275410846676
1327.2275410846676
1327.2275410846676
1327.2275410846676
1327.2275410846676
1327.2275410846676
1327.2275410846676
1327.2275410846676
1604.318624151005
1604.318624151005
1604.318624151005
1604.318624151005
1604.318624151005
1604.318624151005
1604.318624151005
1604.318624151005
1861.9555798816689
1861.9555798816689
1861.9555798816689
1861.9555798816689
1861.9555798816689
1861.9555798816689
1861.9555798816689
1861.9555798816689
2154.319434700437
2154.319434700437
2154.319434700437
2154.319434700437
2154.319434700437
2154.319434700437
2154.319434700437
2154.319434700437
2465.181030279096
2465.181030279096
2465.181030279096
2465.181030279096
2465.181030279096
2465.181030279096
2465.181030279096
2465.181030279096
2721.8788148958715
2721.8788148958715
2721.8788148958715
2721.8788148958715
2721.8788148958715
2721.8788148958715
2721.8788148958715
2721.8788148958715
3043.6250099975546
3043.6250099975546
3043.6250099975546
3043.6250099975546
3043.6250099975546
3043.6250099975546
3043.6250099975546
3043.6250099975546
3367.1263538453363
3367.1263538453363
3367.1263538453363
3367.1263538453363
3367.1263538453363
3367.1263538453363
3367.1263538453363
3367.1263538453363
0
0
0
0
0
0
0
0
288.1492143821002
288.1492143821002
288.1492143821002
288.1492143821002
288.1492143821002
288.1492143821002
288.1492143821002
288.1492143821002
594.4547027701103
594.4547027701103
594.4547027701103
594.4547027701103
594.4547027701103
594.4547027701103
594.4547027701103
594.4547027701103
919.9340778103626
919.9340778103626
919.9340778103626
919.9340778103626
919.9340778103626
919.9340778103626
919.9340778103626
919.9340778103626
1240.8274923670654
1240.8274923670654
1240.8274923670654
1240.8274923670654
1240.8274923670654
1240.8274923670654
1240.8274923670654
1240.8274923670654
1537.4103805779957
1537.4103805779957
1537.4103805779957
1537.4103805779957
1537.4103805779957
1537.4103805779957
1537.4103805779957
1537.4103805779957
1835.2256551519865
1835.2256551519865
1835.2256551519865
1835.2256551519865
1835.2256551519865
1835.2256551519865
1835.2256551519865
1835.2256551519865
2133.59810469972
2133.59810469972
2133.59810469972
2133.59810469972
2133.59810469972
2133.59810469972
2133.59810469972
2133.59810469972
2400.9238155723788
2400.9238155723788
2400.9238155723788
2400.9238155723788
2400.9238155723788
2400.9238155723788
2400.9238155723788
2400.9238155723788
2764.324596002757
2764.324596002757
2764.324596002757
2764.324596002757
2764.324596002757
2764.324596002757
2764.324596002757
2764.324596002757
3042.280454293582
3042.280454293582
3042.280454293582
3042.280454293582
3042.280454293582
3042.280454293582
3042.280454293582
3042.280454293582
3322.6561135912734
3322.6561135912734
3322.6561135912734
3322.6561135912734
3322.6561135912734
3322.6561135912734
3322.6561135912734
3322.6561135912734
3648.8752971224176
3648.8752971224176
3648.8752971224176
3648.8752971224176
3648.8752971224176
3648.8752971224176
3648.8752971224176
3648.8752971224176
0
0
0
0
0
0
0
0
326.4227690078677
326.4227690078677
326.4227690078677
326.4227690078677
326.4227690078677
326.4227690078677
326.4227690078677
326.4227690078677
683.0319786446145
683.0319786446145
683.0319786446145
683.0319786446145
683.0319786446145
683.0319786446145
683.0319786446145
683.0319786446145
1010.4526681123006
1010.4526681123006
1010.4526681123006
1010.4526681123006
1010.4526681123006
1010.4526681123006
1010.4526681123006
1010.4526681123006
1342.117983257384
1342.117983257384
1342.117983257384
1342.117983257384
1342.117983257384
1342.117983257384
1342.117983257384
1342.117983257384
1595.3894451890096
1595.3894451890096
1595.3894451890096
1595.3894451890096
1595.3894451890096
1595.3894451890096
1595.3894451890096
1595.3894451890096
1887.3821416448627
1887.3821416448627
1887.3821416448627
1887.3821416448627
1887.3821416448627
1887.3821416448627
1887.3821416448627
1887.3821416448627
2170.8579063479096
2170.8579063479096
2170.8579063479096
2170.8579063479096
2170.8579063479096
2170.8579063479096
2170.8579063479096
2170.8579063479096
2498.8248305706516
2498.8248305706516
2498.8248305706516
2498.8248305706516
2498.8248305706516
2498.8248305706516
2498.8248305706516
2498.8248305706516
2777.2673038242824
2777.2673038242824
2777.2673038242824
2777.2673038242824
2777.2673038242824
2777.2673038242824
2777.2673038242824
2777.2673038242824
3074.790474404484
3074.790474404484
3074.790474404484
3074.790474404484
3074.790474404484
3074.790474404484
3074.790474404484
3074.790474404484
3399.0913416300214
3399.0913416300214
3399.0913416300214
3399.0913416300214
3399.0913416300214
3399.0913416300214
3399.0913416300214
3399.0913416300214
3756.812207103411
3756.812207103411
3756.812207103411
3756.812207103411
3756.812207103411
3756.812207103411
3756.812207103411
3756.812207103411
0
0
0
0
0
0
0
0
343.00585010534985
343.00585010534985
343.00585010534985
343.00585010534985
343.00585010534985
343.00585010534985
343.00585010534985
343.00585010534985
735.6918972085017
735.6918972085017
735.6918972085017
735.6918972085017
735.6918972085017
735.6918972085017
735.6918972085017
735.6918972085017
1086.8863143424805
1086.8863143424805
1086.8863143424805
1086.8863143424805
1086.8863143424805
1086.8863143424805
1086.8863143424805
1086.8863143424805
1425.5823407984376
1425.5823407984376
1425.5823407984376
1425.5823407984376
1425.5823407984376
1425.5823407984376
1425.5823407984376
1425.5823407984376
1854.164206553492
1854.164206553492
1854.164206553492
1854.164206553492
1854.164206553492
1854.164206553492
1854.164206553492
1854.164206553492
2219.2023688308605
2219.2023688308605
2219.2023688308605
2219.2023688308605
2219.2023688308605
2219.2023688308605
2219.2023688308605
2219.2023688308605
2575.65226729016
2575.65226729016
2575.65226729016
2575.65226729016
2575.65226729016
2575.65226729016
2575.65226729016
2575.65226729016
2924.2521305303
2924.2521305303
2924.2521305303
2924.2521305303
2924.2521305303
2924.2521305303
2924.2521305303
2924.2521305303
3285.966090294565
3285.966090294565
3285.966090294565
3285.966090294565
3285.966090294565
3285.966090294565
3285.966090294565
3285.966090294565
3626.070442963224
3626.070442963224
3626.070442963224
3626.070442963224
3626.070442963224
3626.070442963224
3626.070442963224
3626.070442963224
4006.426679745002
4006.426679745002
4006.426679745002
4006.426679745002
4006.426679745002
4006.426679745002
4006.426679745002
4006.426679745002
4331.832956583692
4331.832956583692
4331.832956583692
4331.832956583692
4331.832956583692
4331.832956583692
4331.832956583692
4331.832956583692
0
0
0
0
0
0
0
0
375.07154094414926
375.07154094414926
375.07154094414926
375.07154094414926
375.07154094414926
375.07154094414926
375.07154094414926
375.07154094414926
762.4464766280796
762.4464766280796
762.4464766280796
762.4464766280796
762.4464766280796
762.4464766280796
762.4464766280796
762.4464766280796
1116.183615451299
1116.183615451299
1116.183615451299
1116.183615451299
1116.183615451299
1116.183615451299
1116.183615451299
1116.183615451299
1509.7953560814626
1509.7953560814626
1509.7953560814626
1509.7953560814626
1509.7953560814626
1509.7953560814626
1509.7953560814626
1509.7953560814626
1890.344008729248
1890.344008729248
1890.344008729248
1890.344008729248
1890.344008729248
1890.344008729248
1890.344008729248
1890.344008729248
2277.8745553927415
2277.8745553927415
2277.8745553927415
2277.8745553927415
2277.8745553927415
2277.8745553927415
2277.8745553927415
2277.8745553927415
2655.8190212369313
2655.8190212369313
2655.8190212369313
2655.8190212369313
2655.8190212369313
2655.8190212369313
2655.8190212369313
2655.8190212369313
3036.308512154014
3036.308512154014
3036.308512154014
3036.308512154014
3036.308512154014
3036.308512154014
3036.308512154014
3036.308512154014
3357.9884984073756
3357.9884984073756
3357.9884984073756
3357.9884984073756
3357.9884984073756
3357.9884984073756
3357.9884984073756
3357.9884984073756
3694.4413588309767
3694.4413588309767
3694.4413588309767
3694.4413588309767
3694.4413588309767
3694.4413588309767
3694.4413588309767
3694.4413588309767
4108.594002726118
4108.594002726118
4108.594002726118
4108.594002726118
4108.594002726118
4108.594002726118
4108.594002726118
4108.594002726118
4518.505601852846
4518.505601852846
4518.505601852846
4518.505601852846
4518.505601852846
4518.505601852846
4518.505601852846
4518.505601852846
0
0
0
0
0
0
0
0
374.18754830568224
374.18754830568224
374.18754830568224
374.18754830568224
374.18754830568224
374.18754830568224
374.18754830568224
374.18754830568224
735.4938590395014
735.4938590395014
735.4938590395014
735.4938590395014
735.4938590395014
735.4938590395014
735.4938590395014
735.4938590395014
1070.4702404046197
1070.4702404046197
1070.4702404046197
1070.4702404046197
1070.4702404046197
1070.4702404046197
1070.4702404046197
1070.4702404046197
1467.1985587134077
1467.1985587134077
1467.1985587134077
1467.1985587134077
1467.1985587134077
1467.1985587134077
1467.1985587134077
1467.1985587134077
1820.9063897832102
1820.9063897832102
1820.9063897832102
1820.9063897832102
1820.9063897832102
1820.9063897832102
1820.9063897832102
1820.9063897832102
2208.5881309413912
2208.5881309413912
2208.5881309413912
2208.5881309413912
2208.5881309413912
2208.5881309413912
2208.5881309413912
2208.5881309413912
2552.0756592598204
2552.0756592598204
2552.0756592598204
2552.0756592598204
2552.0756592598204
2552.0756592598204
2552.0756592598204
2552.0756592598204
2899.1395886067316
2899.1395886067316
2899.1395886067316
2899.1395886067316
2899.1395886067316
2899.1395886067316
2899.1395886067316
2899.1395886067316
3245.827142263976
3245.827142263976
3245.827142263976
3245.827142263976
3245.827142263976
3245.827142263976
3245.827142263976
3245.827142263976
3603.0519409485855
3603.0519409485855
3603.0519409485855
3603.0519409485855
3603.0519409485855
3603.0519409485855
3603.0519409485855
3603.0519409485855
3988.4912952353993
3988.4912952353993
3988.4912952353993
3988.4912952353993
3988.4912952353993
3988.4912952353993
3988.4912952353993
3988.4912952353993
4373.404937827578
4373.404937827578
4373.404937827578
4373.404937827578
4373.404937827578
4373.404937827578
4373.404937827578
4373.404937827578
0
0
0
0
0
0
0
0
317.28805922708443
317.28805922708443
317.28805922708443
317.28805922708443
317.28805922708443
317.28805922708443
317.28805922708443
317.28805922708443
658.2583510023765
658.2583510023765
658.2583510023765
658.2583510023765
658.2583510023765
658.2583510023765
658.2583510023765
658.2583510023765
1027.0815755681713
1027.0815755681713
1027.0815755681713
1027.0815755681713
1027.0815755681713
1027.0815755681713
1027.0815755681713
1027.0815755681713
1376.5156466962976
1376.5156466962976
1376.5156466962976
1376.5156466962976
1376.5156466962976
1376.5156466962976
1376.5156466962976
1376.5156466962976
1714.0646282938733
1714.0646282938733
1714.0646282938733
1714.0646282938733
1714.0646282938733
1714.0646282938733
1714.0646282938733
1714.0646282938733
2093.150265446333
2093.150265446333
2093.150265446333
2093.150265446333
2093.150265446333
2093.150265446333
2093.150265446333
2093.150265446333
2469.862356752771
2469.862356752771
2469.862356752771
2469.862356752771
2469.862356752771
2469.862356752771
2469.862356752771
2469.862356752771
2817.437572667076
2817.437572667076
2817.437572667076
2817.437572667076
2817.437572667076
2817.437572667076
2817.437572667076
2817.437572667076
3186.610943732282
3186.610943732282
3186.610943732282
3186.610943732282
3186.610943732282
3186.610943732282
3186.610943732282
3186.610943732282
3550.3477949775124
3550.3477949775124
3550.3477949775124
3550.3477949775124
3550.3477949775124
3550.3477949775124
3550.3477949775124
3550.3477949775124
3880.3571113694097
3880.3571113694097
3880.3571113694097
3880.3571113694097
3880.3571113694097
3880.3571113694097
3880.3571113694097
3880.3571113694097
4250.1492059194425
4250.1492059194425
4250.1492059194425
4250.1492059194425
4250.1492059194425
4250.1492059194425
4250.1492059194425
4250.1492059194425
0
0
0
0
0
0
0
0
394.41158414242557
394.41158414242557
394.41158414242557
394.41158414242557
394.41158414242557
394.41158414242557
394.41158414242557
394.41158414242557
749.910655384252
749.910655384252
749.910655384252
749.910655384252
749.910655384252
749.910655384252
749.910655384252
749.910655384252
1137.7793939759536
1137.7793939759536
1137.7793939759536
1137.7793939759536
1137.7793939759536
1137.7793939759536
1137.7793939759536
1137.7793939759536
1465.619212373981
1465.619212373981
1465.619212373981
1465.619212373981
1465.619212373981
1465.619212373981
1465.619212373981
1465.619212373981
1778.6903063459804
1778.6903063459804
1778.6903063459804
1778.6903063459804
1778.6903063459804
1778.6903063459804
1778.6903063459804
1778.6903063459804
2178.5040354292864
2178.5040354292864
2178.5040354292864
2178.5040354292864
2178.5040354292864
2178.5040354292864
2178.5040354292864
2178.5040354292864
2531.5487244160026
2531.5487244160026
2531.5487244160026
2531.5487244160026
2531.5487244160026
2531.5487244160026
2531.5487244160026
2531.5487244160026
2903.4687062874987
2903.4687062874987
2903.4687062874987
2903.4687062874987
2903.4687062874987
2903.4687062874987
2903.4687062874987
2903.4687062874987
3277.0646187318303
3277.0646187318303
3277.0646187318303
3277.0646187318303
3277.0646187318303
3277.0646187318303
3277.0646187318303
3277.0646187318303
3670.5806309786963
3670.58063097